46,7
46,6
46,5
46,4
46,3
46,2
46,1
46,0
45,10
45,9
45,8
45,7
45,6
45,5
45,4
45,3
45,2
45,1
45,0
44,5
44,4
44,3
44,2
44,1
44,0
43,9
43,8
43,7
43,6
43,5
43,4
43,3
43,2
43,1
43,0
42,6
42,5
42,4
42,3
42,2
42,1
42,0
41,7
41,6
41,5
41,4
41,3
41,2
41,1
41,0
40,6
40,5
40,4
40,3
40,2
40,1
40,0
39,5
39,4
39,3
39,2
39,1
39,0
38,5
38,4
38,3
38,2
38,1
38,0
37,8
37,7
37,6
37,5
37,4
37,3
37,2
37,1
37,0
30,6
30,5
30,4
30,3
30,2
30,1
30,0
4,3
4,1
4,0
2,5
2,2
1,1
0,408
0,322
0,243
1,3
1,0
2,1
2,4
2,3
2,0
0,9
0,310
0,305
0,308
0,304
0,303
0,302
0,307
0,12
0,10
0,8
0,0
0,409
0,300
0,407
0,299
0,406
0,298
0,405
0,297
0,432
0,296
0,437
0,295
0,404
0,294
0,403
0,293
0,431
0,292
0,402
0,291
0,401
0,290
0,400
0,289
0,399
0,288
0,398
0,287
0,430
0,286
0,429
0,285
0,428
0,284
0,397
0,283
0,396
0,282
0,427
0,281
0,395
0,280
0,394
0,279
0,393
0,278
0,392
0,277
0,391
0,276
0,426
0,275
0,425
0,274
0,424
0,273
0,390
0,272
0,389
0,271
0,423
0,270
0,388
0,269
0,387
0,268
0,386
0,267
0,385
0,266
0,384
0,265
0,422
0,264
0,421
0,263
0,383
0,262
0,382
0,261
0,420
0,260
0,381
0,259
0,380
0,258
0,379
0,257
0,378
0,256
0,377
0,255
0,419
0,254
0,436
0,253
0,376
0,252
0,375
0,251
0,418
0,250
0,374
0,249
0,373
0,248
0,372
0,247
0,371
0,246
0,370
0,245
0,417
0,244
0,416
0,242
0,369
0,241
0,368
0,240
0,415
0,239
0,367
0,238
0,366
0,237
0,365
0,236
0,364
0,235
0,363
0,234
0,414
0,233
0,362
0,232
0,413
0,231
0,361
0,230
0,360
0,229
0,359
0,228
0,358
0,227
0,357
0,226
0,356
0,225
0,355
0,224
0,354
0,223
0,353
0,222
0,435
0,221
0,352
0,220
0,351
0,219
0,350
0,218
0,349
0,217
0,348
0,216
0,347
0,215
0,434
0,214
0,346
0,213
0,345
0,212
0,344
0,211
0,343
0,210
0,342
0,209
0,341
0,208
0,433
0,207
0,340
0,206
0,339
0,205
0,338
0,204
0,337
0,203
0,336
0,202
0,335
0,201
0,334
0,200
0,333
0,199
0,332
0,198
0,331
0,197
0,330
0,196
0,329
0,195
0,412
0,194
0,328
0,193
0,327
0,192
0,326
0,63
0,325
0,62
0,411
0,61
0,324
0,60
0,323
0,59
0,321
0,58
0,320
0,57
0,319
0,56
0,318
0,55
0,410
0,54
0,317
0,53
0,316
0,52
0,315
0,51
0,314
0,50
0,313
0,49
0,312
0,48
0,311
0,47
0,309
0,46
0,306
0,45
0,301
0,6
0,5
0,1
0,11
0,4
0,2
0,3
0,7
